槽型|孔径d||带轮基准直径Dd||||||||||||||||||||||||||||||||||||||||槽数||||||||
Z|12|14|63|71|75|80|90|95|100|106|112|118|125|132|140|150|||||||||||||||||||||||||||1|2
Z|16|18|63|71|75|80|90|95|100|106|112|118|125|132|140|150|160|170|180||||||||||||||||||||||||1|2|3
Z|20|22||71|75|80|90|95|100|106|112|118|125|132|140|150|160|170|180|200|212|224|236||||||||||||||||||||1|2|3|4
Z|24|25|||75|80|90|95|100|106|112|118|125|132|140|150|160|170|180|200|212|224|236|250|||||||||||||||||||1|2|3|4
Z|28|30|||||90|95|100|106|112|118|125|132|140|150|160|170|180|200|212|224|236|250|||||||||||||||||||1|2|3|4
Z|32|35|||||||100|106|112|118|125|132|140|150|160|170|180|200|212|224|236|250||||||||||||||||||||2|3|4
A|16|18|||||90|95|100|106|112|118|125|132|140|150|160|170|180|200|212|224|||||||||||||||||||||1|2|3
A|20|22|||||90|95|100|106|112|118|125|132|140|150|160|170|180|200|212|224|236||||||||||||||||||||1|2|3|4
A|24|25|||||90|95|100|106|112|118|125|132|140|150|160|170|180|200|212|224|236|250|265|280|||||||||||||||||1|2|3|4|5
A|28|30|||||90|95|100|106|112|118|125|132|140|150|160|170|180|200|212|224|236|250|265|280|300|315|||||||||||||||1|2|3|4|5|6
A|32|35|||||||100|106|112|118|125|132|140|150|160|170|180|200|212|224|236|250|265|280|300|315|355|375||||||||||||||2|3|4|5|6
A|38|40||||||||106|112|118|125|132|140|150|160|170|180|200|212|224|236|250|265|280|300|315|355|375|400|425||||||||||||2|3|4|5|6
A|42|45||||||||||118|125|132|140|150|160|170|180|200|212|224|236|250|265|280|300|315|355|375|400|425|450|475|500|||||||||2|3|4|5|6
B|32|35|||||||||||125|132|140|150|160|170|180|200|212|224|236|250|265|280|300|315|355|375||||||||||||||2|3|4|5|6
B|38|4|||||||||||125|132|140|150|160|170|180|200|212|224|236|250|265|280|300|315|355|375|400|425||||||||||||2|3|4|5|6
B|42|45|||||||||||125|132|140|150|160|170|180|200|212|224|236|250|265|280|300|315|355|375|400|425|450|475|500||||||||||3|4|5|6|7|8
B|50|55||||||||||||132|140|150|160|170|180|200|212|224|236|250|265|280|300|315|355|375|400|425|450|475|500|530|560|600|630|670|710||||3|4|5|6|7|8
B|60|65||||||||||||||150|160|170|180|200|212|224|236|250|265|280|300|315|355|375|400|425|450|475|500|530|560|600|630|670|710||||3|4|5|6|7|8
C|42|45||||||||||||||||||200|212|224|236|250|265|280|300|315|355|375|400|425|450|475|500|530|560|600||||||2|3|4|5|6
C|50|55||||||||||||||||||200|212|224|236|250|265|280|300|315|355|375|400|425|450|475|500|530|560|600|630|670||||2|3|4|5|6
C|60|65||||||||||||||||||200|212|224|236|250|265|280|300|315|355|375|400|425|450|475|500|530|560|600|630|670|710|750|||3|4|5|6|7|8
C|70|75|||||||||||||||||||212|224|236|250|265|280|300|315|355|375|400|425|450|475|500|530|560|600|630|670|710|750|||3|4|5|6|7|8
C|80|85||||||||||||||||||||224|236|250|265|280|300|315|355|375|400|425|450|475|500|530|560|600|630|670|710|750|||3|4|5|6|7|8
D|60|65||||||||||||||||||||||||||315|355|375|400|425|450|475|500|530|560|600|630|670|710|750|||3|4|5|6
D|70|75||||||||||||||||||||||||||315|355|375|400|425|450|475|500|530|560|600|630|670|710|750|||3|4|5|6
D|80|85|||||||||||||||||||||||||||355|375|400|425|450|475|500|530|560|600|630|670|710|750|||3|4|5|6|7
D|90|95|||||||||||||||||||||||||||355|375|400|425|450|475|500|530|560|600|630|670|710|750|||3|4|5|6|7
D|100|110|||||||||||||||||||||||||||||400|425|450|475|500|530|560|600|630|670|710|750|||||5|6|7|8|9
E|80|85|||||||||||||||||||||||||||||||||500|530|560|600|630|670|710|750|||3|4|5|6
E|90|95|||||||||||||||||||||||||||||||||500|530|560|600|630|670|710|750|||3|4|5|6
E|100|110|||||||||||||||||||||||||||||||||500|530|560|600|630|670|710|750|||||5|6|7
E|120|130|||||||||||||||||||||||||||||||||500|530|560|600|630|670|710|750|||||5|6|7
E|140|150|||||||||||||||||||||||||||||||||||560|600|630|670|710|750||||||6|7|8|9